   6.4277371e+04
   6.2965391e+04
   6.1083478e+04
   5.9891448e+04
   5.8922962e+04
   5.6993394e+04
   5.5667820e+04
   5.3827870e+04
   5.2131764e+04
   5.0320300e+04
   4.8255042e+04
   4.6307504e+04
   4.4515657e+04
   4.3919517e+04
   4.1585807e+04
   4.1333012e+04
   3.9532762e+04
   3.7675524e+04
   3.6160849e+04
   3.4662762e+04
   3.2654476e+04
   3.1076955e+04
   2.9229567e+04
   2.7565225e+04
   2.5808319e+04
   2.4029101e+04
   2.2129501e+04
   2.0378669e+04
   1.8353860e+04
   1.6573544e+04
   1.4331564e+04
   1.2452429e+04
   1.0412329e+04
   8.2808652e+03
   6.1276705e+03
   3.9312812e+03
   1.7051248e+03
